(kicad_pcb (version 20171130) (host pcbnew 5.1.5+dfsg1-2build2)

  (general
    (thickness 1.6)
    (drawings 16)
    (tracks 258)
    (zones 0)
    (modules 119)
    (nets 118)
  )

  (page A4)
  (layers
    (0 F.Cu signal)
    (31 B.Cu signal)
    (32 B.Adhes user)
    (33 F.Adhes user)
    (34 B.Paste user)
    (35 F.Paste user)
    (36 B.SilkS user)
    (37 F.SilkS user)
    (38 B.Mask user)
    (39 F.Mask user)
    (40 Dwgs.User user)
    (41 Cmts.User user)
    (42 Eco1.User user)
    (43 Eco2.User user)
    (44 Edge.Cuts user)
    (45 Margin user)
    (46 B.CrtYd user)
    (47 F.CrtYd user)
    (48 B.Fab user)
    (49 F.Fab user)
  )

  (setup
    (last_trace_width 0.2)
    (user_trace_width 0.05)
    (user_trace_width 0.1)
    (user_trace_width 0.1524)
    (user_trace_width 0.2)
    (user_trace_width 0.6)
    (user_trace_width 1.524)
    (trace_clearance 0.2)
    (zone_clearance 0.508)
    (zone_45_only no)
    (trace_min 0.01)
    (via_size 0.6)
    (via_drill 0.4)
    (via_min_size 0.4)
    (via_min_drill 0.3)
    (uvia_size 0.3)
    (uvia_drill 0.1)
    (uvias_allowed no)
    (uvia_min_size 0.2)
    (uvia_min_drill 0.1)
    (edge_width 0.1)
    (segment_width 0.2)
    (pcb_text_width 0.3)
    (pcb_text_size 1.5 1.5)
    (mod_edge_width 0.15)
    (mod_text_size 1 1)
    (mod_text_width 0.15)
    (pad_size 7.88 10.84)
    (pad_drill 0)
    (pad_to_mask_clearance 0)
    (aux_axis_origin 0 0)
    (visible_elements 7FFFFFFF)
    (pcbplotparams
      (layerselection 0x00030_80000001)
      (usegerberextensions false)
      (usegerberattributes false)
      (usegerberadvancedattributes false)
      (creategerberjobfile false)
      (excludeedgelayer true)
      (linewidth 0.100000)
      (plotframeref false)
      (viasonmask false)
      (mode 1)
      (useauxorigin false)
      (hpglpennumber 1)
      (hpglpenspeed 20)
      (hpglpendiameter 15.000000)
      (psnegative false)
      (psa4output false)
      (plotreference true)
      (plotvalue true)
      (plotinvisibletext false)
      (padsonsilk false)
      (subtractmaskfromsilk false)
      (outputformat 1)
      (mirror false)
      (drillshape 0)
      (scaleselection 1)
      (outputdirectory "meta/"))
  )

  (net 0 "")
  (net 1 "Net-(J2-Pad4)")
  (net 2 GND)
  (net 3 +5V_SRV)
  (net 4 "Net-(C4-Pad1)")
  (net 5 "Net-(C5-Pad2)")
  (net 6 +3V3)
  (net 7 "Net-(C8-Pad1)")
  (net 8 +BATT)
  (net 9 "Net-(C14-Pad1)")
  (net 10 "Net-(C14-Pad2)")
  (net 11 "/BEC (pi)/V_OUT")
  (net 12 "Net-(C25-Pad1)")
  (net 13 "Net-(C25-Pad2)")
  (net 14 "Net-(C31-Pad2)")
  (net 15 "Net-(C31-Pad1)")
  (net 16 "/Servo Driver/5V_IN")
  (net 17 "Net-(D2-Pad2)")
  (net 18 "Net-(D4-Pad1)")
  (net 19 "Net-(D8-Pad1)")
  (net 20 /LED0)
  (net 21 /LED1)
  (net 22 "Net-(D9-Pad1)")
  (net 23 /SDA)
  (net 24 "Net-(IC1-Pad3)")
  (net 25 /SCL)
  (net 26 "/differential i2c iface/SCL-")
  (net 27 "/differential i2c iface/SCL+")
  (net 28 "/differential i2c iface/SDA+")
  (net 29 "/differential i2c iface/SDA-")
  (net 30 "Net-(J0-Pad1)")
  (net 31 +5V)
  (net 32 "Net-(J1-Pad7)")
  (net 33 "Net-(J1-Pad8)")
  (net 34 "Net-(J1-Pad10)")
  (net 35 "Net-(J1-Pad11)")
  (net 36 "Net-(J1-Pad12)")
  (net 37 "Net-(J1-Pad13)")
  (net 38 "Net-(J1-Pad15)")
  (net 39 /CAN_INT)
  (net 40 "Net-(J1-Pad18)")
  (net 41 /MOSI_IMU)
  (net 42 /MISO_IMU)
  (net 43 /BMI_INT)
  (net 44 /SCLK_IMU)
  (net 45 /CS_GYRO)
  (net 46 /CS_ACCEL)
  (net 47 /ID_SD)
  (net 48 /ID_SC)
  (net 49 "Net-(J1-Pad29)")
  (net 50 "Net-(J1-Pad31)")
  (net 51 /MISO_CAN)
  (net 52 /CS_CAN)
  (net 53 "Net-(J1-Pad37)")
  (net 54 /MOSI_CAN)
  (net 55 /SCLK_CAN)
  (net 56 "/Can Interface/CAN_L")
  (net 57 "/Can Interface/CAN_H")
  (net 58 "/differential i2c iface/SHLD")
  (net 59 "Net-(J3-Pad8)")
  (net 60 "Net-(J3-Pad9)")
  (net 61 /WP_EN)
  (net 62 "Net-(JP2-Pad1)")
  (net 63 "Net-(JP3-Pad1)")
  (net 64 "Net-(JP4-Pad2)")
  (net 65 "Net-(JP6-Pad2)")
  (net 66 /IMU/INT1_A)
  (net 67 "Net-(M1-Pad1)")
  (net 68 "Net-(M2-Pad1)")
  (net 69 "Net-(M3-Pad1)")
  (net 70 "Net-(M4-Pad1)")
  (net 71 "Net-(Q2-Pad3)")
  (net 72 "Net-(Q3-Pad1)")
  (net 73 "Net-(R13-Pad2)")
  (net 74 "Net-(R14-Pad1)")
  (net 75 "Net-(R18-Pad2)")
  (net 76 "/Servo Driver/PWM0")
  (net 77 "/Servo Driver/PWM1")
  (net 78 "/Servo Driver/PWM2")
  (net 79 "/Servo Driver/PWM3")
  (net 80 "Net-(TP5-Pad1)")
  (net 81 "Net-(TP6-Pad1)")
  (net 82 "Net-(U2-Pad3)")
  (net 83 "Net-(U2-Pad4)")
  (net 84 "Net-(U2-Pad5)")
  (net 85 "Net-(U2-Pad6)")
  (net 86 "Net-(U2-Pad10)")
  (net 87 "Net-(U2-Pad11)")
  (net 88 "Net-(U3-Pad5)")
  (net 89 "Net-(U4-Pad7)")
  (net 90 "Net-(U4-Pad5)")
  (net 91 "Net-(U5-Pad2)")
  (net 92 /IMU/INT2_A)
  (net 93 /IMU/INT4_G)
  (net 94 "Net-(U6-Pad1)")
  (net 95 "Net-(U6-Pad2)")
  (net 96 "Net-(U6-Pad3)")
  (net 97 "Net-(U6-Pad4)")
  (net 98 "Net-(U6-Pad5)")
  (net 99 "Net-(U6-Pad10)")
  (net 100 "Net-(U6-Pad11)")
  (net 101 "Net-(U6-Pad12)")
  (net 102 "Net-(U6-Pad13)")
  (net 103 "Net-(U6-Pad15)")
  (net 104 "Net-(U6-Pad16)")
  (net 105 "Net-(U6-Pad17)")
  (net 106 "Net-(U6-Pad18)")
  (net 107 "Net-(U6-Pad19)")
  (net 108 "Net-(U6-Pad20)")
  (net 109 "Net-(U6-Pad21)")
  (net 110 "Net-(U6-Pad22)")
  (net 111 "Net-(U6-Pad24)")
  (net 112 "Net-(U7-Pad5)")
  (net 113 "Net-(U7-Pad7)")
  (net 114 "Net-(U8-Pad5)")
  (net 115 "Net-(U8-Pad7)")
  (net 116 "Net-(D5-Pad1)")
  (net 117 +3V3_PI)

  (net_class Default "This is the default net class."
    (clearance 0.2)
    (trace_width 0.25)
    (via_dia 0.6)
    (via_drill 0.4)
    (uvia_dia 0.3)
    (uvia_drill 0.1)
    (add_net +3V3)
    (add_net +3V3_PI)
    (add_net +5V)
    (add_net +5V_SRV)
    (add_net "/BEC (pi)/V_OUT")
    (add_net /BMI_INT)
    (add_net /CAN_INT)
    (add_net /CS_ACCEL)
    (add_net /CS_CAN)
    (add_net /CS_GYRO)
    (add_net "/Can Interface/CAN_H")
    (add_net "/Can Interface/CAN_L")
    (add_net /ID_SC)
    (add_net /ID_SD)
    (add_net /IMU/INT1_A)
    (add_net /IMU/INT2_A)
    (add_net /IMU/INT4_G)
    (add_net /LED0)
    (add_net /LED1)
    (add_net /MISO_CAN)
    (add_net /MISO_IMU)
    (add_net /MOSI_CAN)
    (add_net /MOSI_IMU)
    (add_net /SCL)
    (add_net /SCLK_CAN)
    (add_net /SCLK_IMU)
    (add_net /SDA)
    (add_net "/Servo Driver/5V_IN")
    (add_net "/Servo Driver/PWM0")
    (add_net "/Servo Driver/PWM1")
    (add_net "/Servo Driver/PWM2")
    (add_net "/Servo Driver/PWM3")
    (add_net /WP_EN)
    (add_net "/differential i2c iface/SCL+")
    (add_net "/differential i2c iface/SCL-")
    (add_net "/differential i2c iface/SDA+")
    (add_net "/differential i2c iface/SDA-")
    (add_net "/differential i2c iface/SHLD")
    (add_net GND)
    (add_net "Net-(C14-Pad1)")
    (add_net "Net-(C14-Pad2)")
    (add_net "Net-(C25-Pad1)")
    (add_net "Net-(C25-Pad2)")
    (add_net "Net-(C31-Pad1)")
    (add_net "Net-(C31-Pad2)")
    (add_net "Net-(C4-Pad1)")
    (add_net "Net-(C5-Pad2)")
    (add_net "Net-(C8-Pad1)")
    (add_net "Net-(D2-Pad2)")
    (add_net "Net-(D4-Pad1)")
    (add_net "Net-(D5-Pad1)")
    (add_net "Net-(D8-Pad1)")
    (add_net "Net-(D9-Pad1)")
    (add_net "Net-(IC1-Pad3)")
    (add_net "Net-(J0-Pad1)")
    (add_net "Net-(J1-Pad10)")
    (add_net "Net-(J1-Pad11)")
    (add_net "Net-(J1-Pad12)")
    (add_net "Net-(J1-Pad13)")
    (add_net "Net-(J1-Pad15)")
    (add_net "Net-(J1-Pad18)")
    (add_net "Net-(J1-Pad29)")
    (add_net "Net-(J1-Pad31)")
    (add_net "Net-(J1-Pad37)")
    (add_net "Net-(J1-Pad7)")
    (add_net "Net-(J1-Pad8)")
    (add_net "Net-(J2-Pad4)")
    (add_net "Net-(J3-Pad8)")
    (add_net "Net-(J3-Pad9)")
    (add_net "Net-(JP2-Pad1)")
    (add_net "Net-(JP3-Pad1)")
    (add_net "Net-(JP4-Pad2)")
    (add_net "Net-(JP6-Pad2)")
    (add_net "Net-(M1-Pad1)")
    (add_net "Net-(M2-Pad1)")
    (add_net "Net-(M3-Pad1)")
    (add_net "Net-(M4-Pad1)")
    (add_net "Net-(Q2-Pad3)")
    (add_net "Net-(Q3-Pad1)")
    (add_net "Net-(R13-Pad2)")
    (add_net "Net-(R14-Pad1)")
    (add_net "Net-(R18-Pad2)")
    (add_net "Net-(TP5-Pad1)")
    (add_net "Net-(TP6-Pad1)")
    (add_net "Net-(U2-Pad10)")
    (add_net "Net-(U2-Pad11)")
    (add_net "Net-(U2-Pad3)")
    (add_net "Net-(U2-Pad4)")
    (add_net "Net-(U2-Pad5)")
    (add_net "Net-(U2-Pad6)")
    (add_net "Net-(U3-Pad5)")
    (add_net "Net-(U4-Pad5)")
    (add_net "Net-(U4-Pad7)")
    (add_net "Net-(U5-Pad2)")
    (add_net "Net-(U6-Pad1)")
    (add_net "Net-(U6-Pad10)")
    (add_net "Net-(U6-Pad11)")
    (add_net "Net-(U6-Pad12)")
    (add_net "Net-(U6-Pad13)")
    (add_net "Net-(U6-Pad15)")
    (add_net "Net-(U6-Pad16)")
    (add_net "Net-(U6-Pad17)")
    (add_net "Net-(U6-Pad18)")
    (add_net "Net-(U6-Pad19)")
    (add_net "Net-(U6-Pad2)")
    (add_net "Net-(U6-Pad20)")
    (add_net "Net-(U6-Pad21)")
    (add_net "Net-(U6-Pad22)")
    (add_net "Net-(U6-Pad24)")
    (add_net "Net-(U6-Pad3)")
    (add_net "Net-(U6-Pad4)")
    (add_net "Net-(U6-Pad5)")
    (add_net "Net-(U7-Pad5)")
    (add_net "Net-(U7-Pad7)")
    (add_net "Net-(U8-Pad5)")
    (add_net "Net-(U8-Pad7)")
  )

  (net_class 40V ""
    (clearance 0.6)
    (trace_width 0.25)
    (via_dia 0.6)
    (via_drill 0.4)
    (uvia_dia 0.3)
    (uvia_drill 0.1)
    (add_net +BATT)
  )

  (module TO254P1521X483-4N:TO254P1521X483-4N (layer F.Cu) (tedit 61A40714) (tstamp 61A549D1)
    (at 53.65 67)
    (path /61AC98FF/61ACD2D1)
    (fp_text reference D5 (at 2.425363 -6.335965) (layer F.SilkS)
      (effects (font (size 1.00015 1.00015) (thickness 0.15)))
    )
    (fp_text value D_Schottky_KKA (at 9.807725 6.223105) (layer F.Fab)
      (effects (font (size 1.001299 1.001299) (thickness 0.15)))
    )
    (fp_poly (pts (xy 1.56 -3.83) (xy 7.14 -3.83) (xy 7.14 3.83) (xy 1.56 3.83)) (layer F.Paste) (width 0.01))
    (fp_line (start -3.208 5.34) (end 0.097 5.34) (layer F.SilkS) (width 0.127))
    (fp_line (start -3.208 -5.34) (end 0.097 -5.34) (layer F.SilkS) (width 0.127))
    (fp_line (start -3.208 5.34) (end -3.208 -5.34) (layer F.SilkS) (width 0.127))
    (fp_line (start -3.208 5.34) (end -3.208 -5.34) (layer F.Fab) (width 0.127))
    (fp_line (start 6.453 5.34) (end -3.208 5.34) (layer F.Fab) (width 0.127))
    (fp_line (start 6.453 -5.34) (end 6.453 5.34) (layer F.Fab) (width 0.127))
    (fp_line (start -3.208 -5.34) (end 6.453 -5.34) (layer F.Fab) (width 0.127))
    (fp_circle (center -7.9 -3.9) (end -7.8 -3.9) (layer F.SilkS) (width 0.2))
    (fp_circle (center -7.9 -3.9) (end -7.8 -3.9) (layer F.Fab) (width 0.2))
    (fp_line (start 8.54 5.67) (end 8.54 -5.67) (layer F.CrtYd) (width 0.05))
    (fp_line (start -8.54 5.67) (end 8.54 5.67) (layer F.CrtYd) (width 0.05))
    (fp_line (start -8.54 -5.67) (end -8.54 5.67) (layer F.CrtYd) (width 0.05))
    (fp_line (start 8.54 -5.67) (end -8.54 -5.67) (layer F.CrtYd) (width 0.05))
    (pad 2 smd rect (at 4.35 0) (size 7.88 10.84) (layers F.Cu F.Mask)
      (net 16 "/Servo Driver/5V_IN"))
    (pad 3 smd rect (at -6.4 2.54) (size 3.78 1.06) (layers F.Cu F.Paste F.Mask)
      (net 2 GND))
    (pad 1 smd rect (at -6.4 -2.54) (size 3.78 1.06) (layers F.Cu F.Paste F.Mask)
      (net 116 "Net-(D5-Pad1)"))
  )

  (module Package_SO:SOIC-8-1EP_3.9x4.9mm_P1.27mm_EP2.29x3mm (layer F.Cu) (tedit 5C56E16F) (tstamp 61A36645)
    (at 260.475 90.905)
    (descr "SOIC, 8 Pin (https://www.analog.com/media/en/technical-documentation/data-sheets/ada4898-1_4898-2.pdf#page=29), generated with kicad-footprint-generator ipc_gullwing_generator.py")
    (tags "SOIC SO")
    (path /61A72D78)
    (attr smd)
    (fp_text reference Q2 (at 0 -3.4) (layer F.SilkS)
      (effects (font (size 1 1) (thickness 0.15)))
    )
    (fp_text value Q_PMOS_DSG (at 0 3.4) (layer F.Fab)
      (effects (font (size 1 1) (thickness 0.15)))
    )
    (fp_text user %R (at 0 0) (layer F.Fab)
      (effects (font (size 0.98 0.98) (thickness 0.15)))
    )
    (fp_line (start 3.7 -2.7) (end -3.7 -2.7) (layer F.CrtYd) (width 0.05))
    (fp_line (start 3.7 2.7) (end 3.7 -2.7) (layer F.CrtYd) (width 0.05))
    (fp_line (start -3.7 2.7) (end 3.7 2.7) (layer F.CrtYd) (width 0.05))
    (fp_line (start -3.7 -2.7) (end -3.7 2.7) (layer F.CrtYd) (width 0.05))
    (fp_line (start -1.95 -1.475) (end -0.975 -2.45) (layer F.Fab) (width 0.1))
    (fp_line (start -1.95 2.45) (end -1.95 -1.475) (layer F.Fab) (width 0.1))
    (fp_line (start 1.95 2.45) (end -1.95 2.45) (layer F.Fab) (width 0.1))
    (fp_line (start 1.95 -2.45) (end 1.95 2.45) (layer F.Fab) (width 0.1))
    (fp_line (start -0.975 -2.45) (end 1.95 -2.45) (layer F.Fab) (width 0.1))
    (fp_line (start 0 -2.56) (end -3.45 -2.56) (layer F.SilkS) (width 0.12))
    (fp_line (start 0 -2.56) (end 1.95 -2.56) (layer F.SilkS) (width 0.12))
    (fp_line (start 0 2.56) (end -1.95 2.56) (layer F.SilkS) (width 0.12))
    (fp_line (start 0 2.56) (end 1.95 2.56) (layer F.SilkS) (width 0.12))
    (pad 8 smd roundrect (at 2.475 -1.905) (size 1.95 0.6) (layers F.Cu F.Paste F.Mask) (roundrect_rratio 0.25))
    (pad 7 smd roundrect (at 2.475 -0.635) (size 1.95 0.6) (layers F.Cu F.Paste F.Mask) (roundrect_rratio 0.25))
    (pad 6 smd roundrect (at 2.475 0.635) (size 1.95 0.6) (layers F.Cu F.Paste F.Mask) (roundrect_rratio 0.25))
    (pad 5 smd roundrect (at 2.475 1.905) (size 1.95 0.6) (layers F.Cu F.Paste F.Mask) (roundrect_rratio 0.25))
    (pad 4 smd roundrect (at -2.475 1.905) (size 1.95 0.6) (layers F.Cu F.Paste F.Mask) (roundrect_rratio 0.25))
    (pad 3 smd roundrect (at -2.475 0.635) (size 1.95 0.6) (layers F.Cu F.Paste F.Mask) (roundrect_rratio 0.25)
      (net 71 "Net-(Q2-Pad3)"))
    (pad 2 smd roundrect (at -2.475 -0.635) (size 1.95 0.6) (layers F.Cu F.Paste F.Mask) (roundrect_rratio 0.25)
      (net 31 +5V))
    (pad 1 smd roundrect (at -2.475 -1.905) (size 1.95 0.6) (layers F.Cu F.Paste F.Mask) (roundrect_rratio 0.25)
      (net 11 "/BEC (pi)/V_OUT"))
    (pad "" smd roundrect (at 0.57 0.75) (size 0.92 1.21) (layers F.Paste) (roundrect_rratio 0.25))
    (pad "" smd roundrect (at 0.57 -0.75) (size 0.92 1.21) (layers F.Paste) (roundrect_rratio 0.25))
    (pad "" smd roundrect (at -0.57 0.75) (size 0.92 1.21) (layers F.Paste) (roundrect_rratio 0.25))
    (pad "" smd roundrect (at -0.57 -0.75) (size 0.92 1.21) (layers F.Paste) (roundrect_rratio 0.25))
    (pad 9 smd roundrect (at 0 0) (size 2.29 3) (layers F.Cu F.Mask) (roundrect_rratio 0.10917))
    (model ${KISYS3DMOD}/Package_SO.3dshapes/SOIC-8-1EP_3.9x4.9mm_P1.27mm_EP2.29x3mm.wrl
      (at (xyz 0 0 0))
      (scale (xyz 1 1 1))
      (rotate (xyz 0 0 0))
    )
  )

  (module RPi_Hat:RPi_Hat_Mounting_Hole locked (layer F.Cu) (tedit 55217C7B) (tstamp 5515DEA9)
    (at 172 108.5 270)
    (descr "Mounting hole, Befestigungsbohrung, 2,7mm, No Annular, Kein Restring,")
    (tags "Mounting hole, Befestigungsbohrung, 2,7mm, No Annular, Kein Restring,")
    (fp_text reference "" (at 0 -4.0005 90) (layer F.SilkS) hide
      (effects (font (size 1 1) (thickness 0.15)))
    )
    (fp_text value "" (at 0.09906 3.59918 90) (layer F.Fab) hide
      (effects (font (size 1 1) (thickness 0.15)))
    )
    (fp_circle (center 0 0) (end 1.375 0) (layer F.Fab) (width 0.15))
    (fp_circle (center 0 0) (end 3.1 0) (layer F.Fab) (width 0.15))
    (fp_circle (center 0 0) (end 3.1 0) (layer B.Fab) (width 0.15))
    (fp_circle (center 0 0) (end 1.375 0) (layer B.Fab) (width 0.15))
    (fp_circle (center 0 0) (end 3.1 0) (layer F.CrtYd) (width 0.15))
    (fp_circle (center 0 0) (end 3.1 0) (layer B.CrtYd) (width 0.15))
    (pad "" np_thru_hole circle (at 0 0 270) (size 2.75 2.75) (drill 2.75) (layers *.Cu *.Mask)
      (solder_mask_margin 1.725) (clearance 1.725))
  )

  (module RPi_Hat:RPi_Hat_Mounting_Hole locked (layer F.Cu) (tedit 55217CCB) (tstamp 55169DC9)
    (at 123 108.5 270)
    (descr "Mounting hole, Befestigungsbohrung, 2,7mm, No Annular, Kein Restring,")
    (tags "Mounting hole, Befestigungsbohrung, 2,7mm, No Annular, Kein Restring,")
    (fp_text reference "" (at 0 -4.0005 90) (layer F.SilkS) hide
      (effects (font (size 1 1) (thickness 0.15)))
    )
    (fp_text value "" (at 0.09906 3.59918 90) (layer F.Fab) hide
      (effects (font (size 1 1) (thickness 0.15)))
    )
    (fp_circle (center 0 0) (end 1.375 0) (layer F.Fab) (width 0.15))
    (fp_circle (center 0 0) (end 3.1 0) (layer F.Fab) (width 0.15))
    (fp_circle (center 0 0) (end 3.1 0) (layer B.Fab) (width 0.15))
    (fp_circle (center 0 0) (end 1.375 0) (layer B.Fab) (width 0.15))
    (fp_circle (center 0 0) (end 3.1 0) (layer F.CrtYd) (width 0.15))
    (fp_circle (center 0 0) (end 3.1 0) (layer B.CrtYd) (width 0.15))
    (pad "" np_thru_hole circle (at 0 0 270) (size 2.75 2.75) (drill 2.75) (layers *.Cu *.Mask)
      (solder_mask_margin 1.725) (clearance 1.725))
  )

  (module RPi_Hat:RPi_Hat_Mounting_Hole locked (layer F.Cu) (tedit 55217CB9) (tstamp 5515DECC)
    (at 123 50.5 270)
    (descr "Mounting hole, Befestigungsbohrung, 2,7mm, No Annular, Kein Restring,")
    (tags "Mounting hole, Befestigungsbohrung, 2,7mm, No Annular, Kein Restring,")
    (fp_text reference "" (at 0 -4.0005 90) (layer F.SilkS) hide
      (effects (font (size 1 1) (thickness 0.15)))
    )
    (fp_text value "" (at 0.09906 3.59918 90) (layer F.Fab) hide
      (effects (font (size 1 1) (thickness 0.15)))
    )
    (fp_circle (center 0 0) (end 1.375 0) (layer F.Fab) (width 0.15))
    (fp_circle (center 0 0) (end 3.1 0) (layer F.Fab) (width 0.15))
    (fp_circle (center 0 0) (end 3.1 0) (layer B.Fab) (width 0.15))
    (fp_circle (center 0 0) (end 1.375 0) (layer B.Fab) (width 0.15))
    (fp_circle (center 0 0) (end 3.1 0) (layer F.CrtYd) (width 0.15))
    (fp_circle (center 0 0) (end 3.1 0) (layer B.CrtYd) (width 0.15))
    (pad "" np_thru_hole circle (at 0 0 270) (size 2.75 2.75) (drill 2.75) (layers *.Cu *.Mask)
      (solder_mask_margin 1.725) (clearance 1.725))
  )

  (module RPi_Hat:RPi_Hat_Mounting_Hole locked (layer F.Cu) (tedit 55217CA2) (tstamp 5515DEBF)
    (at 172 50.5 270)
    (descr "Mounting hole, Befestigungsbohrung, 2,7mm, No Annular, Kein Restring,")
    (tags "Mounting hole, Befestigungsbohrung, 2,7mm, No Annular, Kein Restring,")
    (fp_text reference "" (at 0 -4.0005 90) (layer F.SilkS) hide
      (effects (font (size 1 1) (thickness 0.15)))
    )
    (fp_text value "" (at 0.09906 3.59918 90) (layer F.Fab) hide
      (effects (font (size 1 1) (thickness 0.15)))
    )
    (fp_circle (center 0 0) (end 1.375 0) (layer F.Fab) (width 0.15))
    (fp_circle (center 0 0) (end 3.1 0) (layer F.Fab) (width 0.15))
    (fp_circle (center 0 0) (end 3.1 0) (layer B.Fab) (width 0.15))
    (fp_circle (center 0 0) (end 1.375 0) (layer B.Fab) (width 0.15))
    (fp_circle (center 0 0) (end 3.1 0) (layer F.CrtYd) (width 0.15))
    (fp_circle (center 0 0) (end 3.1 0) (layer B.CrtYd) (width 0.15))
    (pad "" np_thru_hole circle (at 0 0 270) (size 2.75 2.75) (drill 2.75) (layers *.Cu *.Mask)
      (solder_mask_margin 1.725) (clearance 1.725))
  )

  (module Capacitor_SMD:C_0805_2012Metric_Pad1.15x1.40mm_HandSolder (layer B.Cu) (tedit 5B36C52B) (tstamp 61A8EB1C)
    (at 158.525 84.25 180)
    (descr "Capacitor SMD 0805 (2012 Metric), square (rectangular) end terminal, IPC_7351 nominal with elongated pad for handsoldering. (Body size source: https://docs.google.com/spreadsheets/d/1BsfQQcO9C6DZCsRaXUlFlo91Tg2WpOkGARC1WS5S8t0/edit?usp=sharing), generated with kicad-footprint-generator")
    (tags "capacitor handsolder")
    (path /61BE59D4)
    (attr smd)
    (fp_text reference C2 (at 0 1.65) (layer B.SilkS)
      (effects (font (size 1 1) (thickness 0.15)) (justify mirror))
    )
    (fp_text value 10uF (at 0 -1.65) (layer B.Fab)
      (effects (font (size 1 1) (thickness 0.15)) (justify mirror))
    )
    (fp_line (start -1 -0.6) (end -1 0.6) (layer B.Fab) (width 0.1))
    (fp_line (start -1 0.6) (end 1 0.6) (layer B.Fab) (width 0.1))
    (fp_line (start 1 0.6) (end 1 -0.6) (layer B.Fab) (width 0.1))
    (fp_line (start 1 -0.6) (end -1 -0.6) (layer B.Fab) (width 0.1))
    (fp_line (start -0.261252 0.71) (end 0.261252 0.71) (layer B.SilkS) (width 0.12))
    (fp_line (start -0.261252 -0.71) (end 0.261252 -0.71) (layer B.SilkS) (width 0.12))
    (fp_line (start -1.85 -0.95) (end -1.85 0.95) (layer B.CrtYd) (width 0.05))
    (fp_line (start -1.85 0.95) (end 1.85 0.95) (layer B.CrtYd) (width 0.05))
    (fp_line (start 1.85 0.95) (end 1.85 -0.95) (layer B.CrtYd) (width 0.05))
    (fp_line (start 1.85 -0.95) (end -1.85 -0.95) (layer B.CrtYd) (width 0.05))
    (fp_text user %R (at 0 0) (layer B.Fab)
      (effects (font (size 0.5 0.5) (thickness 0.08)) (justify mirror))
    )
    (pad 1 smd roundrect (at -1.025 0 180) (size 1.15 1.4) (layers B.Cu B.Paste B.Mask) (roundrect_rratio 0.217391)
      (net 117 +3V3_PI))
    (pad 2 smd roundrect (at 1.025 0 180) (size 1.15 1.4) (layers B.Cu B.Paste B.Mask) (roundrect_rratio 0.217391)
      (net 2 GND))
    (model ${KISYS3DMOD}/Capacitor_SMD.3dshapes/C_0805_2012Metric.wrl
      (at (xyz 0 0 0))
      (scale (xyz 1 1 1))
      (rotate (xyz 0 0 0))
    )
  )

  (module Capacitor_SMD:C_0805_2012Metric_Pad1.15x1.40mm_HandSolder (layer B.Cu) (tedit 5B36C52B) (tstamp 61A8EBEB)
    (at 158.475 82.25 180)
    (descr "Capacitor SMD 0805 (2012 Metric), square (rectangular) end terminal, IPC_7351 nominal with elongated pad for handsoldering. (Body size source: https://docs.google.com/spreadsheets/d/1BsfQQcO9C6DZCsRaXUlFlo91Tg2WpOkGARC1WS5S8t0/edit?usp=sharing), generated with kicad-footprint-generator")
    (tags "capacitor handsolder")
    (path /61BED712)
    (attr smd)
    (fp_text reference C3 (at 0 1.65) (layer B.SilkS)
      (effects (font (size 1 1) (thickness 0.15)) (justify mirror))
    )
    (fp_text value 0.1uF (at 0 -1.65) (layer B.Fab)
      (effects (font (size 1 1) (thickness 0.15)) (justify mirror))
    )
    (fp_line (start -1 -0.6) (end -1 0.6) (layer B.Fab) (width 0.1))
    (fp_line (start -1 0.6) (end 1 0.6) (layer B.Fab) (width 0.1))
    (fp_line (start 1 0.6) (end 1 -0.6) (layer B.Fab) (width 0.1))
    (fp_line (start 1 -0.6) (end -1 -0.6) (layer B.Fab) (width 0.1))
    (fp_line (start -0.261252 0.71) (end 0.261252 0.71) (layer B.SilkS) (width 0.12))
    (fp_line (start -0.261252 -0.71) (end 0.261252 -0.71) (layer B.SilkS) (width 0.12))
    (fp_line (start -1.85 -0.95) (end -1.85 0.95) (layer B.CrtYd) (width 0.05))
    (fp_line (start -1.85 0.95) (end 1.85 0.95) (layer B.CrtYd) (width 0.05))
    (fp_line (start 1.85 0.95) (end 1.85 -0.95) (layer B.CrtYd) (width 0.05))
    (fp_line (start 1.85 -0.95) (end -1.85 -0.95) (layer B.CrtYd) (width 0.05))
    (fp_text user %R (at 0 0) (layer B.Fab)
      (effects (font (size 0.5 0.5) (thickness 0.08)) (justify mirror))
    )
    (pad 1 smd roundrect (at -1.025 0 180) (size 1.15 1.4) (layers B.Cu B.Paste B.Mask) (roundrect_rratio 0.217391)
      (net 117 +3V3_PI))
    (pad 2 smd roundrect (at 1.025 0 180) (size 1.15 1.4) (layers B.Cu B.Paste B.Mask) (roundrect_rratio 0.217391)
      (net 2 GND))
    (model ${KISYS3DMOD}/Capacitor_SMD.3dshapes/C_0805_2012Metric.wrl
      (at (xyz 0 0 0))
      (scale (xyz 1 1 1))
      (rotate (xyz 0 0 0))
    )
  )

  (module Capacitor_SMD:C_0805_2012Metric_Pad1.15x1.40mm_HandSolder (layer F.Cu) (tedit 5B36C52B) (tstamp 61A360C9)
    (at 131.11532 183.29332 270)
    (descr "Capacitor SMD 0805 (2012 Metric), square (rectangular) end terminal, IPC_7351 nominal with elongated pad for handsoldering. (Body size source: https://docs.google.com/spreadsheets/d/1BsfQQcO9C6DZCsRaXUlFlo91Tg2WpOkGARC1WS5S8t0/edit?usp=sharing), generated with kicad-footprint-generator")
    (tags "capacitor handsolder")
    (path /6187FA0A/618E179D)
    (attr smd)
    (fp_text reference C4 (at 0 -1.65 90) (layer F.SilkS)
      (effects (font (size 1 1) (thickness 0.15)))
    )
    (fp_text value 22pF (at 0 1.65 90) (layer F.Fab)
      (effects (font (size 1 1) (thickness 0.15)))
    )
    (fp_text user %R (at 0 0 90) (layer F.Fab)
      (effects (font (size 0.5 0.5) (thickness 0.08)))
    )
    (fp_line (start 1.85 0.95) (end -1.85 0.95) (layer F.CrtYd) (width 0.05))
    (fp_line (start 1.85 -0.95) (end 1.85 0.95) (layer F.CrtYd) (width 0.05))
    (fp_line (start -1.85 -0.95) (end 1.85 -0.95) (layer F.CrtYd) (width 0.05))
    (fp_line (start -1.85 0.95) (end -1.85 -0.95) (layer F.CrtYd) (width 0.05))
    (fp_line (start -0.261252 0.71) (end 0.261252 0.71) (layer F.SilkS) (width 0.12))
    (fp_line (start -0.261252 -0.71) (end 0.261252 -0.71) (layer F.SilkS) (width 0.12))
    (fp_line (start 1 0.6) (end -1 0.6) (layer F.Fab) (width 0.1))
    (fp_line (start 1 -0.6) (end 1 0.6) (layer F.Fab) (width 0.1))
    (fp_line (start -1 -0.6) (end 1 -0.6) (layer F.Fab) (width 0.1))
    (fp_line (start -1 0.6) (end -1 -0.6) (layer F.Fab) (width 0.1))
    (pad 2 smd roundrect (at 1.025 0 270) (size 1.15 1.4) (layers F.Cu F.Paste F.Mask) (roundrect_rratio 0.217391)
      (net 2 GND))
    (pad 1 smd roundrect (at -1.025 0 270) (size 1.15 1.4) (layers F.Cu F.Paste F.Mask) (roundrect_rratio 0.217391)
      (net 4 "Net-(C4-Pad1)"))
    (model ${KISYS3DMOD}/Capacitor_SMD.3dshapes/C_0805_2012Metric.wrl
      (at (xyz 0 0 0))
      (scale (xyz 1 1 1))
      (rotate (xyz 0 0 0))
    )
  )

  (module Capacitor_SMD:C_0805_2012Metric_Pad1.15x1.40mm_HandSolder (layer F.Cu) (tedit 5B36C52B) (tstamp 61A360DA)
    (at 131.10262 188.30728 270)
    (descr "Capacitor SMD 0805 (2012 Metric), square (rectangular) end terminal, IPC_7351 nominal with elongated pad for handsoldering. (Body size source: https://docs.google.com/spreadsheets/d/1BsfQQcO9C6DZCsRaXUlFlo91Tg2WpOkGARC1WS5S8t0/edit?usp=sharing), generated with kicad-footprint-generator")
    (tags "capacitor handsolder")
    (path /6187FA0A/618E0189)
    (attr smd)
    (fp_text reference C5 (at 0 -1.65 90) (layer F.SilkS)
      (effects (font (size 1 1) (thickness 0.15)))
    )
    (fp_text value 22pF (at 0 1.65 90) (layer F.Fab)
      (effects (font (size 1 1) (thickness 0.15)))
    )
    (fp_line (start -1 0.6) (end -1 -0.6) (layer F.Fab) (width 0.1))
    (fp_line (start -1 -0.6) (end 1 -0.6) (layer F.Fab) (width 0.1))
    (fp_line (start 1 -0.6) (end 1 0.6) (layer F.Fab) (width 0.1))
    (fp_line (start 1 0.6) (end -1 0.6) (layer F.Fab) (width 0.1))
    (fp_line (start -0.261252 -0.71) (end 0.261252 -0.71) (layer F.SilkS) (width 0.12))
    (fp_line (start -0.261252 0.71) (end 0.261252 0.71) (layer F.SilkS) (width 0.12))
    (fp_line (start -1.85 0.95) (end -1.85 -0.95) (layer F.CrtYd) (width 0.05))
    (fp_line (start -1.85 -0.95) (end 1.85 -0.95) (layer F.CrtYd) (width 0.05))
    (fp_line (start 1.85 -0.95) (end 1.85 0.95) (layer F.CrtYd) (width 0.05))
    (fp_line (start 1.85 0.95) (end -1.85 0.95) (layer F.CrtYd) (width 0.05))
    (fp_text user %R (at 0 0 90) (layer F.Fab)
      (effects (font (size 0.5 0.5) (thickness 0.08)))
    )
    (pad 1 smd roundrect (at -1.025 0 270) (size 1.15 1.4) (layers F.Cu F.Paste F.Mask) (roundrect_rratio 0.217391)
      (net 2 GND))
    (pad 2 smd roundrect (at 1.025 0 270) (size 1.15 1.4) (layers F.Cu F.Paste F.Mask) (roundrect_rratio 0.217391)
      (net 5 "Net-(C5-Pad2)"))
    (model ${KISYS3DMOD}/Capacitor_SMD.3dshapes/C_0805_2012Metric.wrl
      (at (xyz 0 0 0))
      (scale (xyz 1 1 1))
      (rotate (xyz 0 0 0))
    )
  )

  (module Capacitor_SMD:C_0805_2012Metric_Pad1.15x1.40mm_HandSolder (layer F.Cu) (tedit 5B36C52B) (tstamp 61A360EB)
    (at 143.4267 173.30096 90)
    (descr "Capacitor SMD 0805 (2012 Metric), square (rectangular) end terminal, IPC_7351 nominal with elongated pad for handsoldering. (Body size source: https://docs.google.com/spreadsheets/d/1BsfQQcO9C6DZCsRaXUlFlo91Tg2WpOkGARC1WS5S8t0/edit?usp=sharing), generated with kicad-footprint-generator")
    (tags "capacitor handsolder")
    (path /6187FA0A/61CFFEED)
    (attr smd)
    (fp_text reference C6 (at 0 -1.65 90) (layer F.SilkS)
      (effects (font (size 1 1) (thickness 0.15)))
    )
    (fp_text value 0.1uF (at 0 1.65 90) (layer F.Fab)
      (effects (font (size 1 1) (thickness 0.15)))
    )
    (fp_line (start -1 0.6) (end -1 -0.6) (layer F.Fab) (width 0.1))
    (fp_line (start -1 -0.6) (end 1 -0.6) (layer F.Fab) (width 0.1))
    (fp_line (start 1 -0.6) (end 1 0.6) (layer F.Fab) (width 0.1))
    (fp_line (start 1 0.6) (end -1 0.6) (layer F.Fab) (width 0.1))
    (fp_line (start -0.261252 -0.71) (end 0.261252 -0.71) (layer F.SilkS) (width 0.12))
    (fp_line (start -0.261252 0.71) (end 0.261252 0.71) (layer F.SilkS) (width 0.12))
    (fp_line (start -1.85 0.95) (end -1.85 -0.95) (layer F.CrtYd) (width 0.05))
    (fp_line (start -1.85 -0.95) (end 1.85 -0.95) (layer F.CrtYd) (width 0.05))
    (fp_line (start 1.85 -0.95) (end 1.85 0.95) (layer F.CrtYd) (width 0.05))
    (fp_line (start 1.85 0.95) (end -1.85 0.95) (layer F.CrtYd) (width 0.05))
    (fp_text user %R (at 0 0 90) (layer F.Fab)
      (effects (font (size 0.5 0.5) (thickness 0.08)))
    )
    (pad 1 smd roundrect (at -1.025 0 90) (size 1.15 1.4) (layers F.Cu F.Paste F.Mask) (roundrect_rratio 0.217391)
      (net 6 +3V3))
    (pad 2 smd roundrect (at 1.025 0 90) (size 1.15 1.4) (layers F.Cu F.Paste F.Mask) (roundrect_rratio 0.217391)
      (net 2 GND))
    (model ${KISYS3DMOD}/Capacitor_SMD.3dshapes/C_0805_2012Metric.wrl
      (at (xyz 0 0 0))
      (scale (xyz 1 1 1))
      (rotate (xyz 0 0 0))
    )
  )

  (module Capacitor_SMD:C_0805_2012Metric_Pad1.15x1.40mm_HandSolder (layer F.Cu) (tedit 5B36C52B) (tstamp 61A360FC)
    (at 141.24738 173.29566 90)
    (descr "Capacitor SMD 0805 (2012 Metric), square (rectangular) end terminal, IPC_7351 nominal with elongated pad for handsoldering. (Body size source: https://docs.google.com/spreadsheets/d/1BsfQQcO9C6DZCsRaXUlFlo91Tg2WpOkGARC1WS5S8t0/edit?usp=sharing), generated with kicad-footprint-generator")
    (tags "capacitor handsolder")
    (path /6187FA0A/61CFFC49)
    (attr smd)
    (fp_text reference C7 (at 0 -1.65 90) (layer F.SilkS)
      (effects (font (size 1 1) (thickness 0.15)))
    )
    (fp_text value 10uF (at 0 1.65 90) (layer F.Fab)
      (effects (font (size 1 1) (thickness 0.15)))
    )
    (fp_text user %R (at 0 0 90) (layer F.Fab)
      (effects (font (size 0.5 0.5) (thickness 0.08)))
    )
    (fp_line (start 1.85 0.95) (end -1.85 0.95) (layer F.CrtYd) (width 0.05))
    (fp_line (start 1.85 -0.95) (end 1.85 0.95) (layer F.CrtYd) (width 0.05))
    (fp_line (start -1.85 -0.95) (end 1.85 -0.95) (layer F.CrtYd) (width 0.05))
    (fp_line (start -1.85 0.95) (end -1.85 -0.95) (layer F.CrtYd) (width 0.05))
    (fp_line (start -0.261252 0.71) (end 0.261252 0.71) (layer F.SilkS) (width 0.12))
    (fp_line (start -0.261252 -0.71) (end 0.261252 -0.71) (layer F.SilkS) (width 0.12))
    (fp_line (start 1 0.6) (end -1 0.6) (layer F.Fab) (width 0.1))
    (fp_line (start 1 -0.6) (end 1 0.6) (layer F.Fab) (width 0.1))
    (fp_line (start -1 -0.6) (end 1 -0.6) (layer F.Fab) (width 0.1))
    (fp_line (start -1 0.6) (end -1 -0.6) (layer F.Fab) (width 0.1))
    (pad 2 smd roundrect (at 1.025 0 90) (size 1.15 1.4) (layers F.Cu F.Paste F.Mask) (roundrect_rratio 0.217391)
      (net 2 GND))
    (pad 1 smd roundrect (at -1.025 0 90) (size 1.15 1.4) (layers F.Cu F.Paste F.Mask) (roundrect_rratio 0.217391)
      (net 6 +3V3))
    (model ${KISYS3DMOD}/Capacitor_SMD.3dshapes/C_0805_2012Metric.wrl
      (at (xyz 0 0 0))
      (scale (xyz 1 1 1))
      (rotate (xyz 0 0 0))
    )
  )

  (module Capacitor_SMD:C_0805_2012Metric_Pad1.15x1.40mm_HandSolder (layer F.Cu) (tedit 5B36C52B) (tstamp 61A8BF9D)
    (at 123.225 129.5)
    (descr "Capacitor SMD 0805 (2012 Metric), square (rectangular) end terminal, IPC_7351 nominal with elongated pad for handsoldering. (Body size source: https://docs.google.com/spreadsheets/d/1BsfQQcO9C6DZCsRaXUlFlo91Tg2WpOkGARC1WS5S8t0/edit?usp=sharing), generated with kicad-footprint-generator")
    (tags "capacitor handsolder")
    (path /6195FE87/6196BE9A)
    (attr smd)
    (fp_text reference C8 (at 0 -1.65) (layer F.SilkS)
      (effects (font (size 1 1) (thickness 0.15)))
    )
    (fp_text value 10uF (at 0 1.65) (layer F.Fab)
      (effects (font (size 1 1) (thickness 0.15)))
    )
    (fp_text user %R (at 0 0) (layer F.Fab)
      (effects (font (size 0.5 0.5) (thickness 0.08)))
    )
    (fp_line (start 1.85 0.95) (end -1.85 0.95) (layer F.CrtYd) (width 0.05))
    (fp_line (start 1.85 -0.95) (end 1.85 0.95) (layer F.CrtYd) (width 0.05))
    (fp_line (start -1.85 -0.95) (end 1.85 -0.95) (layer F.CrtYd) (width 0.05))
    (fp_line (start -1.85 0.95) (end -1.85 -0.95) (layer F.CrtYd) (width 0.05))
    (fp_line (start -0.261252 0.71) (end 0.261252 0.71) (layer F.SilkS) (width 0.12))
    (fp_line (start -0.261252 -0.71) (end 0.261252 -0.71) (layer F.SilkS) (width 0.12))
    (fp_line (start 1 0.6) (end -1 0.6) (layer F.Fab) (width 0.1))
    (fp_line (start 1 -0.6) (end 1 0.6) (layer F.Fab) (width 0.1))
    (fp_line (start -1 -0.6) (end 1 -0.6) (layer F.Fab) (width 0.1))
    (fp_line (start -1 0.6) (end -1 -0.6) (layer F.Fab) (width 0.1))
    (pad 2 smd roundrect (at 1.025 0) (size 1.15 1.4) (layers F.Cu F.Paste F.Mask) (roundrect_rratio 0.217391)
      (net 2 GND))
    (pad 1 smd roundrect (at -1.025 0) (size 1.15 1.4) (layers F.Cu F.Paste F.Mask) (roundrect_rratio 0.217391)
      (net 7 "Net-(C8-Pad1)"))
    (model ${KISYS3DMOD}/Capacitor_SMD.3dshapes/C_0805_2012Metric.wrl
      (at (xyz 0 0 0))
      (scale (xyz 1 1 1))
      (rotate (xyz 0 0 0))
    )
  )

  (module Capacitor_SMD:C_0805_2012Metric_Pad1.15x1.40mm_HandSolder (layer B.Cu) (tedit 5B36C52B) (tstamp 61A8BEBF)
    (at 135 113 180)
    (descr "Capacitor SMD 0805 (2012 Metric), square (rectangular) end terminal, IPC_7351 nominal with elongated pad for handsoldering. (Body size source: https://docs.google.com/spreadsheets/d/1BsfQQcO9C6DZCsRaXUlFlo91Tg2WpOkGARC1WS5S8t0/edit?usp=sharing), generated with kicad-footprint-generator")
    (tags "capacitor handsolder")
    (path /6195FE87/61991791)
    (attr smd)
    (fp_text reference C9 (at 0 1.65) (layer B.SilkS)
      (effects (font (size 1 1) (thickness 0.15)) (justify mirror))
    )
    (fp_text value 10uF (at 0 -1.65) (layer B.Fab)
      (effects (font (size 1 1) (thickness 0.15)) (justify mirror))
    )
    (fp_line (start -1 -0.6) (end -1 0.6) (layer B.Fab) (width 0.1))
    (fp_line (start -1 0.6) (end 1 0.6) (layer B.Fab) (width 0.1))
    (fp_line (start 1 0.6) (end 1 -0.6) (layer B.Fab) (width 0.1))
    (fp_line (start 1 -0.6) (end -1 -0.6) (layer B.Fab) (width 0.1))
    (fp_line (start -0.261252 0.71) (end 0.261252 0.71) (layer B.SilkS) (width 0.12))
    (fp_line (start -0.261252 -0.71) (end 0.261252 -0.71) (layer B.SilkS) (width 0.12))
    (fp_line (start -1.85 -0.95) (end -1.85 0.95) (layer B.CrtYd) (width 0.05))
    (fp_line (start -1.85 0.95) (end 1.85 0.95) (layer B.CrtYd) (width 0.05))
    (fp_line (start 1.85 0.95) (end 1.85 -0.95) (layer B.CrtYd) (width 0.05))
    (fp_line (start 1.85 -0.95) (end -1.85 -0.95) (layer B.CrtYd) (width 0.05))
    (fp_text user %R (at 0 0) (layer B.Fab)
      (effects (font (size 0.5 0.5) (thickness 0.08)) (justify mirror))
    )
    (pad 1 smd roundrect (at -1.025 0 180) (size 1.15 1.4) (layers B.Cu B.Paste B.Mask) (roundrect_rratio 0.217391)
      (net 6 +3V3))
    (pad 2 smd roundrect (at 1.025 0 180) (size 1.15 1.4) (layers B.Cu B.Paste B.Mask) (roundrect_rratio 0.217391)
      (net 2 GND))
    (model ${KISYS3DMOD}/Capacitor_SMD.3dshapes/C_0805_2012Metric.wrl
      (at (xyz 0 0 0))
      (scale (xyz 1 1 1))
      (rotate (xyz 0 0 0))
    )
  )

  (module Capacitor_SMD:C_0805_2012Metric_Pad1.15x1.40mm_HandSolder (layer B.Cu) (tedit 5B36C52B) (tstamp 61A8BDFF)
    (at 135.025 115 180)
    (descr "Capacitor SMD 0805 (2012 Metric), square (rectangular) end terminal, IPC_7351 nominal with elongated pad for handsoldering. (Body size source: https://docs.google.com/spreadsheets/d/1BsfQQcO9C6DZCsRaXUlFlo91Tg2WpOkGARC1WS5S8t0/edit?usp=sharing), generated with kicad-footprint-generator")
    (tags "capacitor handsolder")
    (path /6195FE87/6198DB03)
    (attr smd)
    (fp_text reference C10 (at 0 1.65) (layer B.SilkS)
      (effects (font (size 1 1) (thickness 0.15)) (justify mirror))
    )
    (fp_text value 10uF (at 0 -1.65) (layer B.Fab)
      (effects (font (size 1 1) (thickness 0.15)) (justify mirror))
    )
    (fp_text user %R (at 0 0) (layer B.Fab)
      (effects (font (size 0.5 0.5) (thickness 0.08)) (justify mirror))
    )
    (fp_line (start 1.85 -0.95) (end -1.85 -0.95) (layer B.CrtYd) (width 0.05))
    (fp_line (start 1.85 0.95) (end 1.85 -0.95) (layer B.CrtYd) (width 0.05))
    (fp_line (start -1.85 0.95) (end 1.85 0.95) (layer B.CrtYd) (width 0.05))
    (fp_line (start -1.85 -0.95) (end -1.85 0.95) (layer B.CrtYd) (width 0.05))
    (fp_line (start -0.261252 -0.71) (end 0.261252 -0.71) (layer B.SilkS) (width 0.12))
    (fp_line (start -0.261252 0.71) (end 0.261252 0.71) (layer B.SilkS) (width 0.12))
    (fp_line (start 1 -0.6) (end -1 -0.6) (layer B.Fab) (width 0.1))
    (fp_line (start 1 0.6) (end 1 -0.6) (layer B.Fab) (width 0.1))
    (fp_line (start -1 0.6) (end 1 0.6) (layer B.Fab) (width 0.1))
    (fp_line (start -1 -0.6) (end -1 0.6) (layer B.Fab) (width 0.1))
    (pad 2 smd roundrect (at 1.025 0 180) (size 1.15 1.4) (layers B.Cu B.Paste B.Mask) (roundrect_rratio 0.217391)
      (net 2 GND))
    (pad 1 smd roundrect (at -1.025 0 180) (size 1.15 1.4) (layers B.Cu B.Paste B.Mask) (roundrect_rratio 0.217391)
      (net 6 +3V3))
    (model ${KISYS3DMOD}/Capacitor_SMD.3dshapes/C_0805_2012Metric.wrl
      (at (xyz 0 0 0))
      (scale (xyz 1 1 1))
      (rotate (xyz 0 0 0))
    )
  )

  (module Capacitor_Tantalum_SMD:CP_EIA-7260-15_AVX-R_Pad2.68x6.30mm_HandSolder (layer F.Cu) (tedit 5D98AE44) (tstamp 61A8CF16)
    (at 41.14952 106.99186 90)
    (descr "Tantalum Capacitor SMD AVX-R (7260-15 Metric), IPC_7351 nominal, (Body size from: http://datasheets.avx.com/F72-F75.pdf), generated with kicad-footprint-generator")
    (tags "capacitor tantalum")
    (path /6175047F/61A5F9C8)
    (attr smd)
    (fp_text reference C11 (at 0 -4.1 90) (layer F.SilkS)
      (effects (font (size 1 1) (thickness 0.15)))
    )
    (fp_text value 15uF (at 0 4.1 90) (layer F.Fab)
      (effects (font (size 1 1) (thickness 0.15)))
    )
    (fp_line (start 3.6 -3) (end -2.6 -3) (layer F.Fab) (width 0.1))
    (fp_line (start -2.6 -3) (end -3.6 -2) (layer F.Fab) (width 0.1))
    (fp_line (start -3.6 -2) (end -3.6 3) (layer F.Fab) (width 0.1))
    (fp_line (start -3.6 3) (end 3.6 3) (layer F.Fab) (width 0.1))
    (fp_line (start 3.6 3) (end 3.6 -3) (layer F.Fab) (width 0.1))
    (fp_line (start 3.6 -3.41) (end -4.535 -3.41) (layer F.SilkS) (width 0.12))
    (fp_line (start -4.535 -3.41) (end -4.535 3.41) (layer F.SilkS) (width 0.12))
    (fp_line (start -4.535 3.41) (end 3.6 3.41) (layer F.SilkS) (width 0.12))
    (fp_line (start -4.52 3.4) (end -4.52 -3.4) (layer F.CrtYd) (width 0.05))
    (fp_line (start -4.52 -3.4) (end 4.52 -3.4) (layer F.CrtYd) (width 0.05))
    (fp_line (start 4.52 -3.4) (end 4.52 3.4) (layer F.CrtYd) (width 0.05))
    (fp_line (start 4.52 3.4) (end -4.52 3.4) (layer F.CrtYd) (width 0.05))
    (fp_text user %R (at 0 0 90) (layer F.Fab)
      (effects (font (size 1 1) (thickness 0.15)))
    )
    (pad 1 smd roundrect (at -2.9375 0 90) (size 2.675 6.3) (layers F.Cu F.Paste F.Mask) (roundrect_rratio 0.093458)
      (net 8 +BATT))
    (pad 2 smd roundrect (at 2.9375 0 90) (size 2.675 6.3) (layers F.Cu F.Paste F.Mask) (roundrect_rratio 0.093458)
      (net 2 GND))
    (model ${KISYS3DMOD}/Capacitor_Tantalum_SMD.3dshapes/CP_EIA-7260-15_AVX-R.wrl
      (at (xyz 0 0 0))
      (scale (xyz 1 1 1))
      (rotate (xyz 0 0 0))
    )
  )

  (module Capacitor_Tantalum_SMD:CP_EIA-7260-15_AVX-R_Pad2.68x6.30mm_HandSolder (layer F.Cu) (tedit 5D98AE44) (tstamp 61A8CD93)
    (at 25.87904 107.12396 90)
    (descr "Tantalum Capacitor SMD AVX-R (7260-15 Metric), IPC_7351 nominal, (Body size from: http://datasheets.avx.com/F72-F75.pdf), generated with kicad-footprint-generator")
    (tags "capacitor tantalum")
    (path /6175047F/61A60CAD)
    (attr smd)
    (fp_text reference C12 (at 0 -4.1 90) (layer F.SilkS)
      (effects (font (size 1 1) (thickness 0.15)))
    )
